joined
[[ 2. -3.  5. 11.]
 [ 4.  5. -4.  2.]
 [ 6.  3. -2.  6.]]
2.0
3.0
1.0909090909090908
swepped
[[  2.          -3.           5.          11.        ]
 [  0.          11.         -14.         -20.        ]
 [  0.           0.          -1.72727273  -5.18181818]]
swapped
[[ -5.18181818  -1.72727273   0.           0.        ]
 [-20.         -14.          11.           0.        ]
 [ 11.           5.          -3.           2.        ]]
8.105263157894731
-2.894736842105261
-0.2727272727272727
swepped again
[[-5.18181818e+00 -1.72727273e+00  0.00000000e+00  0.00000000e+00]
 [ 2.20000000e+01 -1.77635684e-15  1.10000000e+01  0.00000000e+00]
 [ 2.00000000e+00 -4.84460956e-16  0.00000000e+00  2.00000000e+00]]
swapped back
[[ 2.00000000e+00  0.00000000e+00 -4.84460956e-16  2.00000000e+00]
 [ 0.00000000e+00  1.10000000e+01 -1.77635684e-15  2.20000000e+01]
 [ 0.00000000e+00  0.00000000e+00 -1.72727273e+00 -5.18181818e+00]]
divided
[[ 2.00000000e+00  0.00000000e+00 -4.84460956e-16  1.00000000e+00]
 [ 0.00000000e+00  1.10000000e+01 -1.77635684e-15  2.00000000e+00]
 [ 0.00000000e+00  0.00000000e+00 -1.72727273e+00  3.00000000e+00]]
rounded
[[ 2.    0.   -0.    1.  ]
 [ 0.   11.   -0.    2.  ]
 [ 0.    0.   -1.73  3.  ]]
result
[1.0, 2.0, 3.0]